Кол-во уравнений и переменных
Система уравнений
Шаг0
Шаг1
Шаг2
Шаг3
Шаг4
Шаг5
Шаг6
Шаг7
Шаг8
 9.99408e+06  5.19202e+06  -1.81089e+06  1.26079e+06  -6.26868e+06  6.05851e+06  -4.48891e+06  -1.07152e+06  -2.98135e+06  | 2.71278e+06
 0  1.39403e+07  5.61744e+06  -5.1614e+06  -4.41458e+06  5.65582e+06  -4.23591e+06  -4.03895e+06  -3.8582e+06  | 1.07912e+07
 0  0  -1.27913e+07  9.74377e+06  4.17881e+06  2.43738e+06  -1.29775e+06  1.47808e+06  -7.90429e+06  | -1.26244e+07
 0  0  0  1.47864e+07  9.66138e+06  -3.96725e+06  -9.81516e+06  -5.19172e+06  -6.26651e+06  | -1.1203e+07
 0  0  0  0  -1.41516e+07  7.93233e+06  -9.3168e+06  -4.81157e+06  6.63033e+06  | 1.16421e+07
 0  0  0  0  0  -1.65381e+07  -2.4091e+06  3.46181e+06  -4.4215e+06  | 1.82927e+06
 0  0  0  0  0  0  1.2116e+07  5.63612e+06  -5.48315e+06  | -1.78069e+06
 0  0  0  0  0  0  0  8.75569e+06  -6.25252e+06  | 4.42255e+06
 0  0  0  0  0  0  0  0  -1.60288e+06  | 1.89962e+07
 0  0  0  0  0  0  0  0  0  | 2.30369e+07
 4  7  6  3  2  8  0  1  5  9 
